=~=~=~=~=~=~=~=~=~=~=~= PuTTY log 2023.09.25 18:21:13 =~=~=~=~=~=~=~=~=~=~=~=
26.00
26.00
26.00
26.00
26.00
26.00
26.00
26.00
26.00
26.00
26.00
26.00
26.00
26.00
26.00
26.00
26.00
26.00
26.00
26.00
26.00
26.00
26.00
26.00
26.00
26.00
26.00
26.00
26.00
26.00
26.00
26.00
26.00
26.00
26.00
26.00
26.00
26.00
26.00
26.00
26.00
26.00
254.00
253.00
253.00
253.00
253.00
253.00
253.00
253.00
253.00
253.00
253.00
253.00
253.00
253.00
253.00
253.00
253.00
253.00
26.00
26.00
26.00
26.00
26.00
26.00
26.00
26.00
26.00
26.00
26.00
26.00
26.00
26.00
26.00
26.00
26.00
26.00
26.00
26.00
26.00
26.00
26.00
26.00
26.00
27.00
27.00
27.00
27.00
27.00
27.00
27.00
27.00
27.00
2